Date;Obs;Sim;Sim_Error
1989-06-30;1.730000;4.384392;0.314144
1989-07-01;1.730000;4.339234;0.331735
1989-07-02;1.730000;4.155674;0.330284
1989-07-03;1.730000;4.188265;0.338797
1989-07-04;1.730000;4.061723;0.338142
1989-07-05;1.730000;4.041338;0.346624
1989-07-06;1.730000;3.789135;0.338830
1989-07-07;1.730000;3.549773;0.315922
1989-07-08;1.730000;3.130670;0.333266
1989-07-09;1.730000;2.887005;0.329466
1989-07-10;1.730000;2.728123;0.313108
1989-07-11;1.730000;2.639195;0.327001
1989-07-12;1.720000;2.333472;0.328592
1989-07-13;1.730000;2.694600;0.317394
1989-07-14;1.730000;2.948540;0.318640
1989-07-15;1.730000;3.017030;0.327626
1989-07-16;1.730000;2.918096;0.320607
1989-07-17;1.720000;2.777470;0.342904
1989-07-18;1.690000;2.804089;0.322552
1989-07-19;1.620000;2.772172;0.326799
1989-07-20;1.590000;2.811165;0.325540
1989-07-21;1.420000;2.890206;0.329353
1989-07-22;1.420000;2.729221;0.321131
1989-07-23;1.420000;2.714468;0.351359
1989-07-24;1.350000;2.592651;0.326957
1989-07-25;1.220000;2.327366;0.323352
1989-07-26;1.130000;2.378047;0.328029
1989-07-27;1.120000;2.427073;0.331740
1989-07-28;1.120000;2.410952;0.325757
1989-07-29;1.120000;2.370962;0.333983
1989-07-30;1.120000;2.259502;0.351277
1989-07-31;1.180000;2.289803;0.345903
1989-08-01;1.120000;2.442594;0.342319
1989-08-02;1.160000;2.481301;0.346960
1989-08-03;1.260000;2.302589;0.356918
1989-08-04;1.180000;2.121235;0.351176
1989-08-05;1.210000;2.102662;0.340058
1989-08-06;1.210000;2.069075;0.336232
1989-08-07;1.450000;2.327929;0.353746
1989-08-08;1.340000;2.617938;0.359363
1989-08-09;1.230000;2.656756;0.356014
1989-08-10;1.230000;2.744328;0.340829
1989-08-11;1.260000;2.727840;0.364627
1989-08-12;1.120000;2.654771;0.357356
1989-08-13;1.120000;2.531153;0.352322
1989-08-14;1.120000;2.328946;0.350562
1989-08-15;1.120000;2.170200;0.361408
1989-08-16;1.120000;2.171328;0.355276
1989-08-17;1.120000;1.980701;0.357852
1989-08-18;1.120000;2.135730;0.352339
1989-08-19;1.120000;2.176269;0.358162
1989-08-20;1.120000;2.243158;0.347598
1989-08-21;1.130000;2.550628;0.348668
1989-08-22;1.120000;2.798539;0.353355
1989-08-23;1.120000;2.747889;0.347561
1989-08-24;1.120000;2.598279;0.353575
1989-08-25;1.120000;2.324295;0.341782
1989-08-26;1.120000;2.026990;0.356441
1989-08-27;1.120000;1.855237;0.352755
1989-08-28;1.120000;1.968937;0.355036
1989-08-29;1.120000;1.906794;0.359086
1989-08-30;1.120000;1.633311;0.348842
1989-08-31;1.120000;1.684019;0.353661
1989-09-01;1.120000;1.593688;0.360504
1989-09-02;1.120000;1.503599;0.366560
1989-09-03;1.120000;1.462378;0.368841
1989-09-04;1.120000;1.501432;0.361134
1989-09-05;1.100000;1.348830;0.379009
1989-09-06;1.110000;0.984692;0.349947
1989-09-07;1.120000;0.714000;0.363753
1989-09-08;1.120000;0.524004;0.360333
1989-09-09;1.120000;0.599930;0.352773
1989-09-10;1.120000;1.115179;0.361909
1989-09-11;1.120000;1.323188;0.352433
1989-09-12;1.120000;1.505925;0.374148
1989-09-13;1.120000;1.440784;0.372818
1989-09-14;1.120000;1.557724;0.375806
1989-09-15;1.120000;1.204415;0.359063
1989-09-16;1.110000;0.791161;0.369520
1989-09-17;1.090000;0.332689;0.364280
1989-09-18;1.120000;0.179791;0.361550
1989-09-19;1.110000;0.106544;0.339038
1989-09-20;1.120000;0.181957;0.362154
1989-09-21;1.120000;0.174196;0.353315
1989-09-22;1.120000;0.221217;0.356389
1989-09-23;1.080000;0.081600;0.357850
1989-09-24;1.090000;0.083836;0.342617
1989-09-25;1.030000;0.103815;0.350974
1989-09-26;1.090000;0.237179;0.355607
1989-09-27;1.120000;0.423269;0.365376
1989-09-28;1.120000;0.966278;0.359838
1989-09-29;1.120000;1.354010;0.364551
1989-09-30;1.120000;2.134209;0.383586
1989-10-01;1.140000;2.375383;0.377305
1989-10-02;1.540000;3.180904;0.383960
1989-10-03;1.260000;3.677443;0.432215
1989-10-04;1.190000;4.102151;0.450488
1989-10-05;1.210000;4.472959;0.443614
1989-10-06;1.230000;4.545440;0.444772
1989-10-07;1.120000;5.095085;0.466600
1989-10-08;1.410000;4.980368;0.465611
1989-10-09;1.990000;6.523335;0.519465
1989-10-10;1.940000;7.458983;0.531052
1989-10-11;2.060000;8.545083;0.551082
1989-10-12;2.060000;8.591251;0.550140
1989-10-13;2.060000;8.560928;0.530634
1989-10-14;2.060000;7.972152;0.542340
1989-10-15;2.060000;7.516898;0.546572
1989-10-16;2.060000;7.380771;0.521329
1989-10-17;2.020000;7.041000;0.531663
1989-10-18;2.060000;6.996896;0.542036
1989-10-19;2.030000;6.837121;0.521770
1989-10-20;1.760000;6.857952;0.509669
1989-10-21;1.730000;6.747910;0.506641
1989-10-22;1.730000;6.382555;0.510774
1989-10-23;1.730000;6.175504;0.503225
1989-10-24;1.730000;5.908504;0.490740
1989-10-25;1.730000;5.907180;0.481246
1989-10-26;1.730000;5.636744;0.470817
1989-10-27;1.730000;5.548728;0.465484
1989-10-28;1.730000;5.507343;0.441848
1989-10-29;1.540000;5.711429;0.469712
1989-10-30;1.430000;5.846808;0.471770
1989-10-31;1.500000;5.692190;0.470570
1989-11-01;1.670000;5.458168;0.465308
1989-11-02;1.790000;5.797036;0.458281
1989-11-03;2.490000;6.760629;0.468285
1989-11-04;3.810000;7.863475;0.487725
1989-11-05;4.030000;8.914786;0.497308
1989-11-06;4.410000;9.201891;0.532707
1989-11-07;4.520000;9.711265;0.518254
1989-11-08;4.500000;9.536300;0.517259
1989-11-09;5.240000;9.804656;0.515115
1989-11-10;6.050000;9.798261;0.506038
1989-11-11;6.470000;9.910361;0.519474
1989-11-12;6.220000;9.456792;0.524206
1989-11-13;5.690000;9.500975;0.512207
1989-11-14;5.420000;9.142783;0.519588
1989-11-15;4.970000;9.286458;0.510128
1989-11-16;4.590000;9.434949;0.493626
1989-11-17;4.350000;9.853350;0.499050
1989-11-18;4.030000;9.664666;0.491375
1989-11-19;3.670000;9.797686;0.494793
1989-11-20;3.350000;9.518149;0.484437
1989-11-21;3.170000;9.491203;0.484440
1989-11-22;3.170000;9.285543;0.476070
1989-11-23;3.170000;9.297501;0.482438
1989-11-24;2.980000;9.046046;0.444836
1989-11-25;2.780000;9.119628;0.481243
1989-11-26;2.780000;8.818037;0.450888
1989-11-27;2.780000;8.488481;0.443460
1989-11-28;2.780000;8.430749;0.438704
1989-11-29;3.690000;9.776721;0.452245
1989-11-30;4.310000;10.712339;0.463433
1989-12-01;4.930000;11.464807;0.478332
1989-12-02;5.480000;10.855763;0.454488
1989-12-03;5.500000;10.814050;0.455893
1989-12-04;5.500000;10.088671;0.438850
1989-12-05;5.110000;9.809345;0.463232
1989-12-06;4.960000;9.481211;0.438940
1989-12-07;4.980000;10.070038;0.454588
1989-12-08;5.130000;10.384450;0.443180
1989-12-09;5.660000;10.870110;0.457587
1989-12-10;6.150000;10.993666;0.443947
1989-12-11;6.820000;11.187247;0.472026
1989-12-12;7.140000;11.467561;0.426239
1989-12-13;7.140000;11.510876;0.439295
1989-12-14;9.270000;12.230437;0.426744
1989-12-15;13.570000;13.016289;0.444676
1989-12-16;16.650000;14.481260;0.452877
1989-12-17;17.100000;15.596781;0.483397
1989-12-18;16.360000;16.051281;0.466638
1989-12-19;15.100000;16.154341;0.470567
1989-12-20;14.090000;16.134146;0.478175
1989-12-21;13.150000;15.923462;0.458716
1989-12-22;12.670000;15.655964;0.470413
1989-12-23;11.690000;15.748245;0.459655
1989-12-24;10.770000;15.925630;0.480590
1989-12-25;10.770000;16.584569;0.466353
1989-12-26;10.770000;17.217757;0.468337
1989-12-27;10.770000;17.264475;0.458725
1989-12-28;10.770000;17.201143;0.458407
1989-12-29;10.770000;16.641063;0.446583
1989-12-30;10.440000;16.401732;0.437891
1989-12-31;10.020000;15.845650;0.430492
1990-01-01;9.320000;15.747729;0.436723
1990-01-02;8.890000;14.840971;0.424631
1990-01-03;8.300000;14.608404;0.404402
1990-01-04;7.770000;14.326745;0.391782
1990-01-05;7.320000;14.978507;0.408195
1990-01-06;7.140000;14.579512;0.408655
1990-01-07;7.140000;14.467263;0.401543
1990-01-08;7.140000;13.607847;0.405101
1990-01-09;7.740000;14.279477;0.390886
1990-01-10;9.480000;14.292826;0.412348
1990-01-11;11.220000;14.735082;0.399526
1990-01-12;12.170000;14.711652;0.394290
1990-01-13;12.690000;14.905392;0.404769
1990-01-14;12.370000;14.436278;0.404778
1990-01-15;11.700000;14.468185;0.393788
1990-01-16;10.780000;13.769553;0.390885
1990-01-17;10.330000;13.598875;0.393256
1990-01-18;9.460000;12.797836;0.387047
1990-01-19;8.790000;12.677510;0.375473
1990-01-20;8.210000;12.329790;0.376176
1990-01-21;7.660000;12.765761;0.373417
1990-01-22;7.220000;12.654621;0.359700
1990-01-23;7.080000;13.046950;0.361395
1990-01-24;6.640000;13.002476;0.355360
1990-01-25;6.560000;13.023470;0.363389
1990-01-26;6.100000;12.792262;0.356050
1990-01-27;5.710000;12.466817;0.365305
1990-01-28;5.910000;12.464038;0.370484
1990-01-29;6.520000;13.641006;0.367354
1990-01-30;6.680000;14.184563;0.365462
1990-01-31;7.850000;15.147262;0.369406
1990-02-01;9.780000;14.491632;0.396418
1990-02-02;12.860000;15.918563;0.392107
1990-02-03;15.750000;16.585338;0.385533
1990-02-04;18.860000;19.036674;0.422700
1990-02-05;16.610000;19.496563;0.441165
1990-02-06;20.400000;20.077442;0.416911
1990-02-07;20.040000;19.380329;0.420344
1990-02-08;20.140000;19.543900;0.428854
1990-02-09;21.000000;18.506377;0.418111
1990-02-10;22.520000;19.264013;0.436381
1990-02-11;23.180000;19.449140;0.447601
1990-02-12;22.940000;20.323939;0.426550
1990-02-13;23.300000;19.924681;0.416141
1990-02-14;23.340000;21.166108;0.410528
1990-02-15;23.650000;21.023669;0.430739
1990-02-16;23.300000;21.776781;0.438715
1990-02-17;23.300000;21.173476;0.409736
1990-02-18;23.200000;21.429894;0.421676
1990-02-19;23.080000;21.121662;0.409799
1990-02-20;22.340000;21.401778;0.419464
1990-02-21;22.280000;21.508507;0.401550
1990-02-22;22.260000;21.575869;0.416989
1990-02-23;22.260000;21.481548;0.402610
1990-02-24;22.040000;21.509792;0.385600
1990-02-25;22.570000;21.578303;0.391343
1990-02-26;23.200000;22.733960;0.387197
1990-02-27;22.360000;22.521461;0.384727
1990-02-28;21.920000;22.723753;0.399057
1990-03-01;22.990000;22.276559;0.371222
1990-03-02;22.650000;22.150350;0.389894
1990-03-03;22.500000;21.567502;0.389527
1990-03-04;22.110000;21.542242;0.404421
1990-03-05;22.020000;21.188138;0.384529
1990-03-06;22.580000;21.656620;0.405784
1990-03-07;22.480000;21.854876;0.381715
1990-03-08;22.480000;21.903246;0.392770
1990-03-09;22.860000;21.748388;0.392467
1990-03-10;22.700000;21.219351;0.395072
1990-03-11;23.790000;22.589070;0.399745
1990-03-12;20.250000;23.927170;0.411608
1990-03-13;18.920000;24.802873;0.402773
1990-03-14;20.720000;24.951921;0.424547
1990-03-15;21.180000;24.896128;0.406264
1990-03-16;22.160000;24.445406;0.395415
1990-03-17;23.150000;23.708739;0.393061
1990-03-18;22.820000;23.061219;0.399760
1990-03-19;22.910000;22.184274;0.422763
1990-03-20;22.620000;21.623253;0.418162
1990-03-21;22.620000;21.391531;0.422456
1990-03-22;21.950000;21.296354;0.418918
1990-03-23;21.320000;20.937479;0.408271
1990-03-24;20.760000;20.405542;0.416026
1990-03-25;20.320000;19.853972;0.405080
1990-03-26;19.600000;18.959432;0.391688
1990-03-27;19.060000;18.253777;0.417382
1990-03-28;18.690000;17.631170;0.404260
1990-03-29;18.390000;17.289285;0.391691
1990-03-30;17.630000;17.037700;0.402735
1990-03-31;16.870000;16.622582;0.404001
1990-04-01;16.830000;16.361467;0.393330
1990-04-02;16.310000;15.628965;0.380905
1990-04-03;15.680000;15.281716;0.390534
1990-04-04;15.040000;14.556332;0.378058
1990-04-05;14.660000;13.643800;0.389211
1990-04-06;14.410000;13.105367;0.376182
1990-04-07;14.120000;12.673574;0.363964
1990-04-08;13.740000;12.482282;0.376957
1990-04-09;12.740000;12.142547;0.378740
1990-04-10;12.740000;11.481271;0.377538
1990-04-11;12.740000;10.849008;0.353625
1990-04-12;12.740000;10.224586;0.358820
1990-04-13;12.700000;9.486512;0.349140
1990-04-14;12.070000;9.113757;0.323601
1990-04-15;12.070000;8.739737;0.318166
1990-04-16;12.070000;8.272045;0.314508
1990-04-17;12.070000;8.181810;0.304759
1990-04-18;12.050000;8.008804;0.292026
1990-04-19;11.650000;8.175286;0.305628
1990-04-20;11.290000;8.259112;0.304349
1990-04-21;10.820000;8.073780;0.293409
1990-04-22;10.770000;8.055380;0.288990
1990-04-23;10.640000;7.820137;0.269766
1990-04-24;10.770000;7.793083;0.279805
1990-04-25;10.770000;7.670860;0.286376
1990-04-26;10.250000;7.511682;0.288490
1990-04-27;10.140000;7.194153;0.269273
1990-04-28;10.140000;6.856812;0.259386
1990-04-29;10.140000;6.555846;0.261002
1990-04-30;10.140000;6.410101;0.255265
1990-05-01;10.140000;6.422680;0.266916
1990-05-02;10.020000;6.911706;0.280133
1990-05-03;9.040000;7.241600;0.271609
1990-05-04;8.900000;7.189591;0.268491
1990-05-05;8.900000;6.989604;0.254466
1990-05-06;8.740000;6.636720;0.260923
1990-05-07;8.300000;6.346876;0.261623
1990-05-08;8.300000;6.171336;0.265085
1990-05-09;8.090000;6.087584;0.265739
1990-05-10;7.860000;6.050428;0.258783
1990-05-11;8.070000;6.159137;0.252571
1990-05-12;8.090000;6.648658;0.270919
1990-05-13;7.740000;7.106947;0.275873
1990-05-14;7.290000;7.474503;0.277458
1990-05-15;7.140000;6.731249;0.277810
1990-05-16;7.140000;6.722216;0.279595
1990-05-17;6.800000;6.531207;0.260754
1990-05-18;6.570000;6.594933;0.267716
1990-05-19;6.430000;6.466162;0.258535
1990-05-20;6.050000;6.414808;0.270692
1990-05-21;5.690000;6.299674;0.266860
1990-05-22;5.500000;6.425636;0.268027
1990-05-23;5.500000;6.660317;0.292210
1990-05-24;5.300000;7.040920;0.299672
1990-05-25;4.940000;6.908524;0.308038
1990-05-26;4.680000;6.884711;0.304770
1990-05-27;4.520000;6.484257;0.296355
1990-05-28;4.500000;6.367982;0.281304
1990-05-29;4.300000;6.133415;0.287287
1990-05-30;4.030000;6.102159;0.292646
1990-05-31;4.030000;5.854107;0.285425
1990-06-01;4.020000;5.811235;0.277222
1990-06-02;3.640000;5.266935;0.272875
1990-06-03;3.590000;5.029993;0.262708
1990-06-04;3.410000;4.842342;0.282606
1990-06-05;3.200000;4.831468;0.272620
1990-06-06;3.170000;4.991449;0.254541
1990-06-07;3.170000;5.246057;0.272492
1990-06-08;3.160000;5.177000;0.261434
1990-06-09;2.950000;5.077011;0.271631
1990-06-10;2.890000;4.854858;0.278702
1990-06-11;3.100000;5.495254;0.291005
1990-06-12;2.780000;5.528309;0.296576
1990-06-13;2.780000;5.664535;0.320052
1990-06-14;3.300000;6.147246;0.328784
1990-06-15;4.560000;7.876825;0.418447
1990-06-16;4.990000;9.142681;0.493164
1990-06-17;4.960000;10.491726;0.529361
1990-06-18;4.540000;10.029157;0.496577
1990-06-19;4.500000;10.240501;0.519328
1990-06-20;4.460000;9.661883;0.530640
1990-06-21;4.200000;10.117476;0.511890
1990-06-22;4.030000;9.553094;0.492997
1990-06-23;3.760000;9.409383;0.504567
1990-06-24;3.410000;8.983383;0.476687
1990-06-25;3.170000;9.155859;0.524763
1990-06-26;3.170000;8.786337;0.493253
1990-06-27;3.010000;8.444260;0.509216
1990-06-28;2.890000;7.804790;0.491994
1990-06-29;2.780000;7.797034;0.472634
1990-06-30;2.780000;7.445673;0.452335
